244 0.50078125 0.8890625 0.9984375 0.221875
261 0.50078125 0.86015625 0.9984375 0.2796875
84 0.50078125 0.78046875 0.9984375 0.4390625
42 0.50078125 0.88984375 0.9984375 0.2203125
128 0.50078125 0.7484375 0.9984375 0.503125
127 0.50078125 0.740625 0.9984375 0.51875
113 0.50078125 0.740625 0.9984375 0.51875
120 0.50078125 0.74453125 0.9984375 0.5109375
89 0.50078125 0.7109375 0.9984375 0.578125
102 0.50078125 0.71875 0.9984375 0.5625
286 0.50078125 0.8828125 0.9984375 0.234375
257 0.50078125 0.75234375 0.9984375 0.4953125