435 0.21484375 0.40234375 0.0140625 0.0140625
435 0.27265625 0.37109375 0.0140625 0.0171875
435 0.43671875 0.66796875 0.0078125 0.0140625
435 0.2171875 0.74453125 0.009375 0.0203125
435 0.49609375 0.5859375 0.0140625 0.021875
435 0.51640625 0.58984375 0.0078125 0.0140625
435 0.51796875 0.61171875 0.0046875 0.0140625
435 0.50703125 0.59921875 0.0078125 0.0203125
435 0.57734375 0.6609375 0.0046875 0.009375
435 0.56015625 0.63203125 0.0046875 0.0203125
435 0.23359375 0.32890625 0.0046875 0.0078125
435 0.49453125 0.3828125 0.0046875 0.0125