433 0.3858173076923077 0.8677884615384616 0.016826923076923076 0.019230769230769232
433 0.39903846153846156 0.90625 0.014423076923076924 0.019230769230769232
433 0.5216346153846154 0.8737980769230769 0.014423076923076924 0.016826923076923076
433 0.6502403846153846 0.8798076923076923 0.01201923076923077 0.019230769230769232
433 0.6766826923076923 0.8786057692307693 0.01201923076923077 0.01201923076923077
433 0.6947115384615384 0.8786057692307693 0.009615384615384616 0.01201923076923077
433 0.7115384615384616 0.8425480769230769 0.009615384615384616 0.007211538461538462
433 0.2824519230769231 0.9014423076923077 0.01201923076923077 0.014423076923076924
433 0.17067307692307693 0.8233173076923077 0.009615384615384616 0.01201923076923077
433 0.33653846153846156 0.4362980769230769 0.057692307692307696 0.03125
433 0.5793269230769231 0.4411057692307692 0.0625 0.036057692307692304
433 0.5805288461538461 0.47836538461538464 0.06009615384615385 0.038461538461538464
433 0.5252403846153846 0.4423076923076923 0.04567307692307692 0.03365384615384615
433 0.5288461538461539 0.47716346153846156 0.04326923076923077 0.036057692307692304
433 0.640625 0.4423076923076923 0.06009615384615385 0.03365384615384615
433 0.6322115384615384 0.4699519230769231 0.04326923076923077 0.026442307692307692
433 0.3894230769230769 0.4375 0.04326923076923077 0.03365384615384615
433 0.3245192307692308 0.46634615384615385 0.04326923076923077 0.028846153846153848
433 0.8846153846153846 0.48677884615384615 0.0625 0.036057692307692304
433 0.8846153846153846 0.4519230769230769 0.0625 0.03365384615384615
433 0.9387019230769231 0.453125 0.04567307692307692 0.036057692307692304
433 0.8870192307692307 0.5240384615384616 0.0625 0.028846153846153848
433 0.8365384615384616 0.48677884615384615 0.03365384615384615 0.03125
433 0.8353365384615384 0.4579326923076923 0.036057692307692304 0.021634615384615384