433 0.3870192307692308 0.8545673076923077 0.057692307692307696 0.036057692307692304
433 0.390625 0.8197115384615384 0.055288461538461536 0.04326923076923077
433 0.3918269230769231 0.78125 0.057692307692307696 0.038461538461538464
433 0.3317307692307692 0.7800480769230769 0.0625 0.036057692307692304
433 0.33052884615384615 0.8161057692307693 0.06009615384615385 0.040865384615384616
433 0.3317307692307692 0.8545673076923077 0.057692307692307696 0.036057692307692304
433 0.2704326923076923 0.7776442307692307 0.06490384615384616 0.040865384615384616
433 0.27163461538461536 0.8149038461538461 0.0625 0.038461538461538464
433 0.27163461538461536 0.8509615384615384 0.0625 0.038461538461538464
433 0.20793269230769232 0.8497596153846154 0.06009615384615385 0.040865384615384616
433 0.21033653846153846 0.8112980769230769 0.06009615384615385 0.040865384615384616
433 0.1466346153846154 0.8425480769230769 0.0625 0.040865384615384616
433 0.12139423076923077 0.96875 0.06009615384615385 0.038461538461538464
433 0.18028846153846154 0.9747596153846154 0.0625 0.03125
433 0.23918269230769232 0.9735576923076923 0.055288461538461536 0.028846153846153848
433 0.11899038461538461 0.9915865384615384 0.06009615384615385 0.016826923076923076
433 0.04326923076923077 0.39302884615384615 0.052884615384615384 0.036057692307692304
433 0.051682692307692304 0.36177884615384615 0.055288461538461536 0.03125
433 0.10576923076923077 0.3629807692307692 0.057692307692307696 0.028846153846153848
433 0.16105769230769232 0.3581730769230769 0.04807692307692308 0.02403846153846154
433 0.010817307692307692 0.3581730769230769 0.021634615384615384 0.028846153846153848
433 0.007211538461538462 0.3942307692307692 0.014423076923076924 0.038461538461538464
433 0.34975961538461536 0.021634615384615384 0.06009615384615385 0.028846153846153848
433 0.28725961538461536 0.025240384615384616 0.06009615384615385 0.026442307692307692
433 0.140625 0.16105769230769232 0.055288461538461536 0.03365384615384615
433 0.19951923076923078 0.16346153846153846 0.057692307692307696 0.028846153846153848
433 0.25841346153846156 0.16346153846153846 0.06009615384615385 0.028846153846153848
433 0.3161057692307692 0.19591346153846154 0.055288461538461536 0.03125
433 0.3125 0.22956730769230768 0.052884615384615384 0.036057692307692304
433 0.2536057692307692 0.2283653846153846 0.06490384615384616 0.028846153846153848
433 0.25721153846153844 0.19471153846153846 0.057692307692307696 0.03365384615384615
433 0.1971153846153846 0.19591346153846154 0.0625 0.03125
433 0.19230769230769232 0.2283653846153846 0.057692307692307696 0.03365384615384615
433 0.13581730769230768 0.22716346153846154 0.055288461538461536 0.03125
433 0.13822115384615385 0.19591346153846154 0.055288461538461536 0.03125
433 0.08653846153846154 0.1935096153846154 0.04807692307692308 0.03125
433 0.08533653846153846 0.22596153846153846 0.04567307692307692 0.03365384615384615