433 0.5420673076923077 0.8461538461538461 0.06009615384615385 0.038461538461538464
433 0.6021634615384616 0.8485576923076923 0.06009615384615385 0.038461538461538464
433 0.48197115384615385 0.8425480769230769 0.055288461538461536 0.040865384615384616
433 0.5396634615384616 0.8822115384615384 0.06009615384615385 0.03365384615384615
433 0.5012019230769231 0.6358173076923077 0.06009615384615385 0.036057692307692304
433 0.5637019230769231 0.6394230769230769 0.06009615384615385 0.03365384615384615
433 0.4375 0.6298076923076923 0.0625 0.038461538461538464
433 0.5600961538461539 0.6730769230769231 0.057692307692307696 0.03365384615384615
433 0.5600961538461539 0.7127403846153846 0.057692307692307696 0.036057692307692304
433 0.515625 0.6706730769230769 0.026442307692307692 0.03365384615384615
433 0.43028846153846156 0.6646634615384616 0.04326923076923077 0.026442307692307692
433 0.5192307692307693 0.4963942307692308 0.057692307692307696 0.040865384615384616
433 0.5228365384615384 0.46153846153846156 0.055288461538461536 0.03365384615384615
433 0.46634615384615385 0.49759615384615385 0.04807692307692308 0.028846153846153848
433 0.5228365384615384 0.29086538461538464 0.06009615384615385 0.03365384615384615
433 0.46153846153846156 0.28725961538461536 0.0625 0.03125
433 0.5252403846153846 0.25721153846153844 0.06009615384615385 0.03365384615384615
433 0.47115384615384615 0.25600961538461536 0.04807692307692308 0.03125
433 0.5264423076923077 0.22956730769230768 0.057692307692307696 0.021634615384615384
433 0.4423076923076923 0.015625 0.0625 0.03125
433 0.5012019230769231 0.020432692307692308 0.06009615384615385 0.03125
433 0.38341346153846156 0.013221153846153846 0.05048076923076923 0.026442307692307692
433 0.5600961538461539 0.026442307692307692 0.057692307692307696 0.02403846153846154
433 0.4411057692307692 0.040865384615384616 0.06009615384615385 0.019230769230769232
433 0.3798076923076923 0.04447115384615385 0.057692307692307696 0.026442307692307692
433 0.7427884615384616 0.09615384615384616 0.0625 0.03365384615384615