433 0.3737980769230769 0.2283653846153846 0.016826923076923076 0.014423076923076924
433 0.3605769230769231 0.15625 0.014423076923076924 0.014423076923076924
433 0.640625 0.3605769230769231 0.016826923076923076 0.028846153846153848
433 0.6538461538461539 0.3269230769230769 0.014423076923076924 0.014423076923076924
433 0.6634615384615384 0.34615384615384615 0.014423076923076924 0.019230769230769232
433 0.71875 0.3317307692307692 0.014423076923076924 0.014423076923076924
433 0.6081730769230769 0.37740384615384615 0.014423076923076924 0.014423076923076924
433 0.5841346153846154 0.3125 0.014423076923076924 0.019230769230769232
433 0.5372596153846154 0.3545673076923077 0.016826923076923076 0.03125
433 0.8389423076923077 0.15985576923076922 0.014423076923076924 0.016826923076923076
433 0.8329326923076923 0.13581730769230768 0.016826923076923076 0.016826923076923076