433 0.042067307692307696 0.006009615384615385 0.06009615384615385 0.01201923076923077
433 0.10096153846153846 0.008413461538461538 0.0625 0.016826923076923076
433 0.1622596153846154 0.009615384615384616 0.06009615384615385 0.019230769230769232
433 0.22355769230769232 0.009615384615384616 0.0625 0.019230769230769232
433 0.09975961538461539 0.03365384615384615 0.06009615384615385 0.03365384615384615
433 0.16105769230769232 0.036057692307692304 0.0625 0.03365384615384615
433 0.22355769230769232 0.03485576923076923 0.057692307692307696 0.03125
433 0.04326923076923077 0.030048076923076924 0.057692307692307696 0.03125
433 0.014423076923076924 0.1502403846153846 0.028846153846153848 0.026442307692307692
433 0.05889423076923077 0.15264423076923078 0.06009615384615385 0.021634615384615384
433 0.15384615384615385 0.44350961538461536 0.04326923076923077 0.036057692307692304
433 0.20432692307692307 0.44591346153846156 0.057692307692307696 0.03125
433 0.265625 0.4495192307692308 0.06009615384615385 0.03365384615384615
433 0.3245192307692308 0.453125 0.0625 0.03125
433 0.38822115384615385 0.4543269230769231 0.06009615384615385 0.03365384615384615
433 0.21634615384615385 0.41225961538461536 0.03365384615384615 0.036057692307692304
433 0.2644230769230769 0.41466346153846156 0.0625 0.036057692307692304
433 0.32572115384615385 0.4182692307692308 0.06009615384615385 0.03365384615384615
433 0.3269230769230769 0.3786057692307692 0.0625 0.036057692307692304
433 0.3870192307692308 0.421875 0.0625 0.036057692307692304
433 0.38822115384615385 0.38461538461538464 0.06490384615384616 0.03365384615384615
433 0.04807692307692308 0.5745192307692307 0.057692307692307696 0.03365384615384615
433 0.10817307692307693 0.578125 0.0625 0.036057692307692304
433 0.16826923076923078 0.5805288461538461 0.0625 0.036057692307692304
433 0.23076923076923078 0.5853365384615384 0.0625 0.03125
433 0.046875 0.6105769230769231 0.06009615384615385 0.03365384615384615
433 0.10697115384615384 0.6105769230769231 0.06490384615384616 0.03365384615384615
433 0.16826923076923078 0.6129807692307693 0.0625 0.03365384615384615
433 0.23076923076923078 0.6153846153846154 0.0625 0.03365384615384615
433 0.2920673076923077 0.5853365384615384 0.06009615384615385 0.03125
433 0.16947115384615385 0.6478365384615384 0.06009615384615385 0.036057692307692304
433 0.22956730769230768 0.6502403846153846 0.06009615384615385 0.040865384615384616
433 0.10817307692307693 0.6466346153846154 0.0625 0.03365384615384615
433 0.04807692307692308 0.6430288461538461 0.057692307692307696 0.036057692307692304
433 0.25 0.7992788461538461 0.0625 0.036057692307692304
433 0.25 0.8269230769230769 0.0673076923076923 0.03365384615384615
433 0.3112980769230769 0.8269230769230769 0.055288461538461536 0.028846153846153848
433 0.3112980769230769 0.7980769230769231 0.06009615384615385 0.03365384615384615
433 0.25240384615384615 0.859375 0.0625 0.036057692307692304
433 0.6418269230769231 0.24639423076923078 0.014423076923076924 0.016826923076923076
433 0.6814903846153846 0.21153846153846154 0.01201923076923077 0.014423076923076924
433 0.7199519230769231 0.28846153846153844 0.01201923076923077 0.014423076923076924
433 0.8088942307692307 0.2932692307692308 0.01201923076923077 0.014423076923076924
433 0.5276442307692307 0.27524038461538464 0.01201923076923077 0.01201923076923077
433 0.7848557692307693 0.21754807692307693 0.01201923076923077 0.016826923076923076
433 0.40625 0.6730769230769231 0.04326923076923077 0.019230769230769232
433 0.47716346153846156 0.8870192307692307 0.026442307692307692 0.009615384615384616
433 0.3641826923076923 0.02403846153846154 0.01201923076923077 0.014423076923076924
433 0.4170673076923077 0.028846153846153848 0.01201923076923077 0.014423076923076924
433 0.7091346153846154 0.08413461538461539 0.038461538461538464 0.009615384615384616
433 0.984375 0.47475961538461536 0.016826923076923076 0.016826923076923076