433 0.35697115384615385 0.8605769230769231 0.06009615384615385 0.03365384615384615
433 0.4182692307692308 0.8629807692307693 0.0625 0.03365384615384615
433 0.4206730769230769 0.8305288461538461 0.0625 0.03125
433 0.4723557692307692 0.8665865384615384 0.040865384615384616 0.03125
433 0.4735576923076923 0.8341346153846154 0.04326923076923077 0.03365384615384615
433 0.296875 0.8581730769230769 0.06009615384615385 0.03365384615384615
433 0.37259615384615385 0.8305288461538461 0.038461538461538464 0.026442307692307692
433 0.3293269230769231 0.5841346153846154 0.0625 0.038461538461538464
433 0.3293269230769231 0.6177884615384616 0.0625 0.03365384615384615
433 0.3293269230769231 0.6550480769230769 0.0625 0.036057692307692304
433 0.3918269230769231 0.5877403846153846 0.057692307692307696 0.03125
433 0.38822115384615385 0.6213942307692307 0.05048076923076923 0.03125
433 0.3329326923076923 0.38100961538461536 0.06490384615384616 0.040865384615384616
433 0.3317307692307692 0.41947115384615385 0.0625 0.03125
433 0.3317307692307692 0.45072115384615385 0.0625 0.036057692307692304
433 0.39302884615384615 0.38221153846153844 0.06009615384615385 0.038461538461538464
433 0.2920673076923077 0.24158653846153846 0.06009615384615385 0.036057692307692304
433 0.35216346153846156 0.24278846153846154 0.06009615384615385 0.038461538461538464
433 0.41466346153846156 0.24639423076923078 0.06009615384615385 0.036057692307692304
433 0.2920673076923077 0.20432692307692307 0.06009615384615385 0.03365384615384615
433 0.35216346153846156 0.20793269230769232 0.06009615384615385 0.036057692307692304
433 0.4230769230769231 0.21033653846153846 0.04326923076923077 0.036057692307692304
433 0.28966346153846156 0.16826923076923078 0.055288461538461536 0.038461538461538464
433 0.3125 0.038461538461538464 0.057692307692307696 0.03365384615384615
433 0.37259615384615385 0.038461538461538464 0.057692307692307696 0.04326923076923077
433 0.2548076923076923 0.037259615384615384 0.0625 0.036057692307692304
433 0.3125 0.009615384615384616 0.057692307692307696 0.019230769230769232
433 0.1141826923076923 0.78125 0.06490384615384616 0.04326923076923077