433 0.2439903846153846 0.7788461538461539 0.06009615384615385 0.03365384615384615
433 0.30528846153846156 0.8137019230769231 0.0625 0.036057692307692304
433 0.375 0.8473557692307693 0.07692307692307693 0.036057692307692304
433 0.24519230769230768 0.8112980769230769 0.0625 0.03125
433 0.24639423076923078 0.84375 0.06009615384615385 0.028846153846153848
433 0.30649038461538464 0.8473557692307693 0.06009615384615385 0.03125
433 0.30649038461538464 0.7824519230769231 0.06009615384615385 0.03125
433 0.36899038461538464 0.7872596153846154 0.06490384615384616 0.036057692307692304
433 0.36899038461538464 0.8149038461538461 0.06490384615384616 0.03365384615384615
433 0.43028846153846156 0.7896634615384616 0.057692307692307696 0.036057692307692304
433 0.5973557692307693 0.84375 0.01201923076923077 0.014423076923076924
433 0.6478365384615384 0.8485576923076923 0.01201923076923077 0.014423076923076924
433 0.6923076923076923 0.8485576923076923 0.009615384615384616 0.014423076923076924
433 0.7932692307692307 0.8557692307692307 0.014423076923076924 0.014423076923076924