433 0.078125 0.7175480769230769 0.15625 0.0985576923076923
433 0.17307692307692307 0.8930288461538461 0.13942307692307693 0.055288461538461536
433 0.7391826923076923 0.9615384615384616 0.15144230769230768 0.07692307692307693
433 0.9495192307692307 0.9783653846153846 0.10096153846153846 0.04326923076923077
433 0.17908653846153846 0.5384615384615384 0.14182692307692307 0.057692307692307696
433 0.25600961538461536 0.734375 0.19471153846153846 0.07451923076923077
433 0.5612980769230769 0.3713942307692308 0.05048076923076923 0.01201923076923077
433 0.6382211538461539 0.546875 0.026442307692307692 0.016826923076923076
433 0.6742788461538461 0.5492788461538461 0.01201923076923077 0.01201923076923077
433 0.9326923076923077 0.5637019230769231 0.014423076923076924 0.021634615384615384
433 0.9230769230769231 0.5288461538461539 0.014423076923076924 0.014423076923076924
433 0.8004807692307693 0.5576923076923077 0.009615384615384616 0.014423076923076924
433 0.6069711538461539 0.17067307692307693 0.036057692307692304 0.014423076923076924
433 0.40625 0.9411057692307693 0.125 0.0889423076923077