433 0.11778846153846154 0.4483173076923077 0.11057692307692307 0.10336538461538461
433 0.6995192307692307 0.7019230769230769 0.10096153846153846 0.11057692307692307
433 0.38822115384615385 0.6322115384615384 0.10817307692307693 0.09134615384615384
433 0.578125 0.4519230769230769 0.0889423076923077 0.0625
433 0.6322115384615384 0.38221153846153844 0.0673076923076923 0.0625
433 0.26802884615384615 0.7175480769230769 0.12259615384615384 0.12259615384615384
433 0.4423076923076923 0.5012019230769231 0.057692307692307696 0.07932692307692307
433 0.17067307692307693 0.3329326923076923 0.14423076923076922 0.07932692307692307
433 0.3786057692307692 0.23918269230769232 0.17067307692307693 0.0889423076923077
433 0.7163461538461539 0.5360576923076923 0.09615384615384616 0.0625
433 0.5012019230769231 0.7307692307692307 0.11778846153846154 0.10576923076923077
433 0.18870192307692307 0.23798076923076922 0.08413461538461539 0.0625
433 0.41225961538461536 0.14302884615384615 0.06971153846153846 0.055288461538461536
433 0.5673076923076923 0.15144230769230768 0.11538461538461539 0.0673076923076923
433 0.7055288461538461 0.08774038461538461 0.09375 0.04567307692307692
433 0.8125 0.039663461538461536 0.07211538461538461 0.036057692307692304
433 0.3473557692307692 0.8389423076923077 0.0889423076923077 0.08653846153846154