433 0.0985576923076923 0.5673076923076923 0.057692307692307696 0.03365384615384615
433 0.09735576923076923 0.5973557692307693 0.06009615384615385 0.026442307692307692
433 0.09975961538461539 0.6310096153846154 0.06009615384615385 0.036057692307692304
433 0.15985576923076922 0.5697115384615384 0.06009615384615385 0.03365384615384615
433 0.15865384615384615 0.6021634615384616 0.0625 0.03125
433 0.16105769230769232 0.6370192307692307 0.0625 0.038461538461538464
433 0.21995192307692307 0.6394230769230769 0.06009615384615385 0.03365384615384615
433 0.21995192307692307 0.6045673076923077 0.06009615384615385 0.036057692307692304
433 0.21875 0.5709134615384616 0.0625 0.036057692307692304
433 0.2800480769230769 0.5757211538461539 0.06009615384615385 0.03125
433 0.2800480769230769 0.6081730769230769 0.06009615384615385 0.03365384615384615
433 0.3401442307692308 0.5769230769230769 0.06009615384615385 0.03365384615384615
433 0.2824519230769231 0.6454326923076923 0.06009615384615385 0.036057692307692304
433 0.25600961538461536 0.4375 0.06009615384615385 0.03365384615384615
433 0.3161057692307692 0.43990384615384615 0.06009615384615385 0.03365384615384615
433 0.3762019230769231 0.44471153846153844 0.06009615384615385 0.038461538461538464
433 0.37740384615384615 0.4050480769230769 0.0625 0.03125
433 0.052884615384615384 0.14903846153846154 0.0625 0.038461538461538464
433 0.2127403846153846 0.02403846153846154 0.06009615384615385 0.04807692307692308
433 0.15144230769230768 0.021634615384615384 0.057692307692307696 0.04326923076923077
433 0.09254807692307693 0.021634615384615384 0.06009615384615385 0.038461538461538464
433 0.036057692307692304 0.021634615384615384 0.052884615384615384 0.04326923076923077