433 0.7007211538461539 0.6742788461538461 0.06009615384615385 0.036057692307692304
433 0.6394230769230769 0.6670673076923077 0.0625 0.036057692307692304
433 0.5769230769230769 0.6634615384615384 0.0625 0.038461538461538464
433 0.7007211538461539 0.6045673076923077 0.06009615384615385 0.04567307692307692
433 0.7007211538461539 0.640625 0.06009615384615385 0.026442307692307692
433 0.27524038461538464 0.42788461538461536 0.06490384615384616 0.03365384615384615
433 0.3389423076923077 0.4338942307692308 0.0625 0.036057692307692304
433 0.3942307692307692 0.6153846153846154 0.0625 0.04326923076923077
433 0.39302884615384615 0.6526442307692307 0.06490384615384616 0.036057692307692304
433 0.3293269230769231 0.6502403846153846 0.0625 0.036057692307692304
433 0.33052884615384615 0.6129807692307693 0.06009615384615385 0.04326923076923077
433 0.453125 0.6550480769230769 0.055288461538461536 0.036057692307692304
433 0.4543269230769231 0.6189903846153846 0.057692307692307696 0.040865384615384616
433 0.45552884615384615 0.5865384615384616 0.055288461538461536 0.038461538461538464
433 0.3954326923076923 0.5817307692307693 0.06490384615384616 0.03365384615384615
433 0.3317307692307692 0.578125 0.0625 0.03125
433 0.27163461538461536 0.5733173076923077 0.0625 0.03125
433 0.2692307692307692 0.6057692307692307 0.0625 0.03365384615384615
433 0.28125 0.6418269230769231 0.038461538461538464 0.03365384615384615
433 0.15384615384615385 0.5612980769230769 0.057692307692307696 0.036057692307692304
433 0.21033653846153846 0.5673076923076923 0.055288461538461536 0.028846153846153848
433 0.22115384615384615 0.5997596153846154 0.03365384615384615 0.03125
433 0.5108173076923077 0.7956730769230769 0.06009615384615385 0.038461538461538464
433 0.5733173076923077 0.7992788461538461 0.06009615384615385 0.040865384615384616
433 0.5096153846153846 0.8305288461538461 0.0625 0.03125
433 0.5709134615384616 0.8341346153846154 0.06009615384615385 0.03365384615384615
433 0.6334134615384616 0.8413461538461539 0.06009615384615385 0.038461538461538464
433 0.6334134615384616 0.8052884615384616 0.06009615384615385 0.03365384615384615
433 0.5709134615384616 0.875 0.055288461538461536 0.038461538461538464
433 0.26802884615384615 0.7776442307692307 0.06009615384615385 0.040865384615384616
433 0.33052884615384615 0.78125 0.06009615384615385 0.03365384615384615
433 0.20673076923076922 0.7680288461538461 0.0625 0.036057692307692304
433 0.4495192307692308 0.7908653846153846 0.057692307692307696 0.038461538461538464
433 0.44711538461538464 0.8269230769230769 0.0625 0.03365384615384615
433 0.5084134615384616 0.8713942307692307 0.06009615384615385 0.040865384615384616
433 0.2127403846153846 0.42788461538461536 0.06009615384615385 0.03365384615384615
433 0.34134615384615385 0.40384615384615385 0.0625 0.028846153846153848
433 0.40024038461538464 0.4387019230769231 0.06009615384615385 0.036057692307692304
433 0.4014423076923077 0.40384615384615385 0.057692307692307696 0.028846153846153848
433 0.4026442307692308 0.3737980769230769 0.06009615384615385 0.03125
433 0.040865384615384616 0.38100961538461536 0.052884615384615384 0.036057692307692304
433 0.051682692307692304 0.34975961538461536 0.040865384615384616 0.03125
433 0.2247596153846154 0.39903846153846156 0.05048076923076923 0.02403846153846154
433 0.10096153846153846 0.5540865384615384 0.04326923076923077 0.03125